24
29
85
15
59
19
81
17
48
15
37
49
91
26
90
22
63
57
33
10
50
57
86
4
10
64
1
72
10
48
25
68
90
76
72
91
93
38
90
78
32
19
100
16
71
50
94
72
10
21
56
71
7
51
19
27
64
45
4
47
7
3
16
40
69
54
69
27
47
27
45
94
8
45
95
86
12
1
23
87
44
77
88
38
95
80
84
95
59
60
32
42
91
16
84
73
49
21
12
4
43
32
10
43
62
62
78
49
99
93
64
75
96
52
22
30
81
0
28
92
37
41
88
96
100
15
55
23
77
46
73
19
47
93
86
95
40
34
20
32
33
57
44
88
65
52
90
84
64
48
42
0
61
93
35
25
41
24
98
47
68
81
85
27
60
71
13
76
38
15
65
64
56
20
96
91
42
65
95
76
76
4
97
33
74
61
56
55
70
25
49
26
72
45
65
12
4
91
85
25
60
80
11
45
2
46
33
98
50
39
23
87
34
77
78
38
31
66
92
32
57
55
2
71
51
35
63
23
95
7
84
21
37
1
65
21
42
37
27
70
34
29
4
81
85
81
13
87
48
3
59
29
54
3
29
1
46
10
23
27
17
2
27
87
67
78
23
26
72
5
3
53
93
15
2
37
13
92
30
62
27
19
52
9
64
66
36
87
22
86
9
3
11
95
16
54
55
20
42
84
20
48
18
52
81
85
65
50
30
43
30
78
82
40
70
24
27
57
58
4
14
38
65
83
85
12
100
66
44
68
94
65
71
74
27
19
35
38
75
89
81
10
72
100
18
71
80
43
9
46
33
56
42
51
55
66
61
77
31
86
6
49
32
53
0
18
71
52
36
1
51
82
24
55
32
13
54
24
49
76
33
91
95
9
47
12
95
80
93
92
58
1
69
63
27
99
73
100
19
55
93
68
56
36
47
18
18
37
7
87
30
40
86
19
75
16
68
22
89
49
26
57
43
50
99
31
84
85
2
74
25
62
64
15
97
21
76
8
21
76
0
49
25
58
49
44
53
0
13
7
88
81
73
30
32
1
64
92
90
63
63
83
37
30
98
54
91
37
55
74
10
17
3
34
74
59
78
53
70
37
60
48
98
24
82
25
75
74
4
88
72
75
48
74
35
100
14
10
32
7
15
37
13
13
62
88
45
94
37
91
92
4
12
100
81
53
83
15
16
81
72
62
24
88
70
7
37
35
89
79
15
71
44
55
72
76
9
83
42
20
74
43
81
41
90
87
11
93
18
93
66
71
58
30
4
53
27
63
62
76
86
18
25
41
79
92
5
68
55
100
94
31
21
13
17
29
29
9
62
45
60
77
57
29
92
16
3
73
80
16
51
40
18
34
5
49
4
76
52
62
44
87
7
81
24
5
46
35
22
34
27
45
38
3
75
32
63
68
20
48
10
72
47
33
51
77
17
97
89
94
61
16
16
9
41
63
76
93
22
52
61
23
68
28
4
62
91
82
98
0
74
54
70
21
62
81
14
19
69
73
49
0
62
6
94
0
82
6
11
57
93
15
49
77
21
59
63
37
70
32
100
20
68
78
50
97
30
82
58
76
72
60
54
15
32
48
58
99
61
37
29
52
3
64
88
55
84
88
50
40
22
20
21
95
48
18
40
2
83
97
15
85
57
6
6
69
75
69
69
51
57
68
25
18
34
83
59
81
39
2
39
8
40
40
60
27
5
55
52
83
64
21
98
70
30
85
100
31
79
37
35
97
33
63
14
18
83
70
24
7
96
45
86
8
28
49
44
93
11
52
54
36
33
49
33
91
97
2
72
47
15
85
35
93
61
86
4
38
21
81
61
0
2
42
51
92
31
91
18
24
80
31
13
77
99
97
66
97
81
80
11
91
27
63
59
93
55
70
88
70
39
64
72
68
12
99
6
35
85
29
21
33
85
39
75
7
56
90
80
76
79
50
97
12
97
31
24
85
71
75
13
35
15
77
78
80
21
73
64
95
86
3
27
6
38
52
29
27
24
90
86
67
46
58
48
76
38
98
90
45
15
3
73
12
77
49
16
29
27
34
69
54
83
4
37
22
61
36
44
0
90
70
46
25
76
73
85
81
12
36
20
91
66
80
14
30
6
84
64
86
58
21
15
0
4
32
39
77
29
58
85
8
99
85
51
98
55
3
79
17
14
4
50
65
68
41
54
31
80
96
24
52
87
56
9
93
97
33
56
16
53
97
98
88
57
3
28
3
76
61
41
54
90
10
1
68
47
61
91
98
81
44
29
88
8
23
24
28
61
100
